table: 
                     b   b_lbs  b_lbs2   b_packs
I(cigs / 20)       NaN     NaN     NaN   -9.2682
Intercept     116.9741  7.3109  7.3109  116.9741
cigs           -0.4634 -0.0290 -0.0290       NaN
faminc          0.0928  0.0058  0.0058    0.0928

table: 
                 b      se        t  pval
nox_sc     -0.3404  0.0445  -7.6511   0.0
crime_sc   -0.1433  0.0307  -4.6693   0.0
rooms_sc    0.5139  0.0300  17.1295   0.0
dist_sc    -0.2348  0.0430  -5.4641   0.0
stratio_sc -0.2703  0.0299  -9.0274   0.0

table: 
                  b      se        t  pval
Intercept    9.2337  0.1877  49.1835   0.0
np.log(nox) -0.7177  0.0663 -10.8182   0.0
rooms        0.3059  0.0190  16.0863   0.0

table: 
                     b      se        t    pval
Intercept      13.3855  0.5665  23.6295  0.0000
np.log(nox)    -0.9017  0.1147  -7.8621  0.0000
np.log(dist)   -0.0868  0.0433  -2.0051  0.0455
rooms          -0.5451  0.1655  -3.2946  0.0011
I(rooms ** 2)   0.0623  0.0128   4.8623  0.0000
stratio        -0.0476  0.0059  -8.1293  0.0000

F-statistic: 110.41878192668585

P-value: 1.9193250019649003e-40

table: 
                     b      se       t    pval
Intercept       2.0503  1.3603  1.5072  0.1322
atndrte        -0.0067  0.0102 -0.6561  0.5120
priGPA         -1.6285  0.4810 -3.3857  0.0008
atndrte:priGPA  0.0056  0.0043  1.2938  0.1962
ACT            -0.1280  0.0985 -1.3000  0.1940
I(priGPA ** 2)  0.2959  0.1010  2.9283  0.0035
I(ACT ** 2)     0.0045  0.0022  2.0829  0.0376

partial_effect: 0.00775457222860979

F-statistic: 8.63258105674214

P-value: 0.0034149923995831577

table: 
                    b      se        t    pval
Intercept      1.4927  0.0753  19.8118  0.0000
sat            0.0015  0.0001  22.8864  0.0000
hsperc        -0.0139  0.0006 -24.6981  0.0000
hsize         -0.0609  0.0165  -3.6895  0.0002
I(hsize ** 2)  0.0055  0.0023   2.4056  0.0162

cvalues1: 
             sat  hsperc  hsize
newPerson1  1200      30      5

colgpa_pred1: 
newPerson1    2.700075
dtype: float64

cvalues2: 
             sat  hsperc  hsize
newPerson1  1200      30      5
newPerson2   900      20      3
newPerson3  1400       5      1

colgpa_pred2: 
newPerson1    2.700075
newPerson2    2.425282
newPerson3    3.457448
dtype: float64

colgpa_PICI_95: 
       mean   mean_se  mean_ci_lower  mean_ci_upper  obs_ci_lower  obs_ci_upper
0  2.700075  0.019878       2.661104       2.739047      1.601749      3.798402
1  2.425282  0.014258       2.397329       2.453235      1.327292      3.523273
2  3.457448  0.027891       3.402766       3.512130      2.358452      4.556444

colgpa_PICI_99: 
       mean   mean_se  mean_ci_lower  mean_ci_upper  obs_ci_lower  obs_ci_upper
0  2.700075  0.019878       2.648850       2.751301      1.256386      4.143765
1  2.425282  0.014258       2.388540       2.462025      0.982034      3.868530
2  3.457448  0.027891       3.385572       3.529325      2.012879      4.902018

X: 
       rooms       nox      dist    stratio
0   4.000000  5.549783  3.795751  18.459289
1   4.081633  5.549783  3.795751  18.459289
2   4.163265  5.549783  3.795751  18.459289
3   4.244898  5.549783  3.795751  18.459289
4   4.326531  5.549783  3.795751  18.459289
5   4.408163  5.549783  3.795751  18.459289
6   4.489796  5.549783  3.795751  18.459289
7   4.571429  5.549783  3.795751  18.459289
8   4.653061  5.549783  3.795751  18.459289
9   4.734694  5.549783  3.795751  18.459289
10  4.816327  5.549783  3.795751  18.459289
11  4.897959  5.549783  3.795751  18.459289
12  4.979592  5.549783  3.795751  18.459289
13  5.061224  5.549783  3.795751  18.459289
14  5.142857  5.549783  3.795751  18.459289
15  5.224490  5.549783  3.795751  18.459289
16  5.306122  5.549783  3.795751  18.459289
17  5.387755  5.549783  3.795751  18.459289
18  5.469388  5.549783  3.795751  18.459289
19  5.551020  5.549783  3.795751  18.459289
20  5.632653  5.549783  3.795751  18.459289
21  5.714286  5.549783  3.795751  18.459289
22  5.795918  5.549783  3.795751  18.459289
23  5.877551  5.549783  3.795751  18.459289
24  5.959184  5.549783  3.795751  18.459289
25  6.040816  5.549783  3.795751  18.459289
26  6.122449  5.549783  3.795751  18.459289
27  6.204082  5.549783  3.795751  18.459289
28  6.285714  5.549783  3.795751  18.459289
29  6.367347  5.549783  3.795751  18.459289
30  6.448980  5.549783  3.795751  18.459289
31  6.530612  5.549783  3.795751  18.459289
32  6.612245  5.549783  3.795751  18.459289
33  6.693878  5.549783  3.795751  18.459289
34  6.775510  5.549783  3.795751  18.459289
35  6.857143  5.549783  3.795751  18.459289
36  6.938776  5.549783  3.795751  18.459289
37  7.020408  5.549783  3.795751  18.459289
38  7.102041  5.549783  3.795751  18.459289
39  7.183673  5.549783  3.795751  18.459289
40  7.265306  5.549783  3.795751  18.459289
41  7.346939  5.549783  3.795751  18.459289
42  7.428571  5.549783  3.795751  18.459289
43  7.510204  5.549783  3.795751  18.459289
44  7.591837  5.549783  3.795751  18.459289
45  7.673469  5.549783  3.795751  18.459289
46  7.755102  5.549783  3.795751  18.459289
47  7.836735  5.549783  3.795751  18.459289
48  7.918367  5.549783  3.795751  18.459289
49  8.000000  5.549783  3.795751  18.459289

lpr_CI: 
         mean  mean_ci_lower  mean_ci_upper
0    9.661702       9.499811       9.823593
1    9.658279       9.506128       9.810429
2    9.655685       9.512931       9.798438
3    9.653920       9.520219       9.787622
4    9.652986       9.527991       9.777981
5    9.652882       9.536244       9.769519
6    9.653607       9.544977       9.762236
7    9.655162       9.554187       9.756136
8    9.657547       9.563871       9.751222
9    9.660762       9.574025       9.747498
10   9.664806       9.584645       9.744967
11   9.669680       9.595726       9.743635
12   9.675384       9.607261       9.743508
13   9.681918       9.619244       9.744593
14   9.689282       9.631666       9.746898
15   9.697476       9.644520       9.750431
16   9.706499       9.657795       9.755202
17   9.716352       9.671483       9.761221
18   9.727035       9.685573       9.768497
19   9.738548       9.700060       9.777035
20   9.750890       9.714940       9.786840
21   9.764062       9.730218       9.797907
22   9.778065       9.745903       9.810226
23   9.792897       9.762017       9.823776
24   9.808558       9.778588       9.838529
25   9.825050       9.795652       9.854448
26   9.842371       9.813249       9.871493
27   9.860522       9.831420       9.889625
28   9.879503       9.850199       9.908807
29   9.899314       9.869617       9.929011
30   9.919955       9.889694       9.950216
31   9.941425       9.910440       9.972410
32   9.963725       9.931858       9.995593
33   9.986855       9.953941      10.019769
34  10.010815       9.976677      10.044952
35  10.035604      10.000049      10.071160
36  10.061224      10.024033      10.098415
37  10.087673      10.048607      10.126739
38  10.114952      10.073748      10.156156
39  10.143061      10.099434      10.186688
40  10.171999      10.125645      10.218354
41  10.201768      10.152364      10.251171
42  10.232366      10.179579      10.285153
43  10.263794      10.207278      10.320310
44  10.296052      10.235454      10.356650
45  10.329139      10.264101      10.394178
46  10.363057      10.293217      10.432897
47  10.397804      10.322799      10.472810
48  10.433381      10.352847      10.513916
49  10.469788      10.383361      10.556215

